0,273
0,270
83,35
10,116
10,235
10,224
10,291
10,133
10,78
10,154
11,17
11,5
11,19
11,16
8,11
81,4
81,3
81,2
81,1
81,0
80,5
80,4
80,3
80,2
80,1
80,0
79,3
79,2
79,1
79,0
78,3
78,2
78,1
78,0
77,6
77,5
77,4
77,3
77,2
77,1
77,0
76,3
76,2
76,1
76,0
75,3
75,2
75,1
75,0
20,3
20,2
20,1
19,3
19,2
19,1
12,3
12,2
12,1
11,29
11,28
11,27
11,26
11,25
11,22
11,18
11,11
11,9
11,8
11,6
11,4
11,3
11,2
11,1
10,293
10,292
10,277
10,258
10,257
10,249
18,1
10,241
10,237
18,3
10,207
10,197
10,165
14,1
10,134
14,3
10,123
13,1
10,99
13,3
10,83
10,19
10,3
10,2
10,1
9,7
9,6
9,5
9,4
9,3
9,2
9,1
8,18
8,17
8,16
8,15
8,14
